0S,0C
0 0
8173 1
1005 1
8225 1
8273 1
8273 1
8192 1
8196 1
8200 1
8272 1
8140 1
8198 1
8271 1
8816 1
8240 1
8240 1
8189 1
8122 1
8190 1
8253 1
8273 1
8274 1
8208 1
8229 1
637 1
8210 1
644 1
641 1
1054 1
1083 1
920 1
1226 1
8208 1
8226 1
1044 1
8219 1
644 1
8235 1
1055 1
775 1
8282 1
8267 1
8208 1
8268 1
8253 1
8236 1
8213 1
8254 1
8205 1
642 1
8208 1
8208 1
892 1
3795 1
8215 1
1337 1
1128 1
642 1
732 1
641 1
637 1
8238 1
641 1
8240 1
8219 1
975 1
891 1
1242 1
1471 1
6192 1
697 1
919 1
3953 1
1157 1
640 1
636 1
3944 1
3971 1
423936 1
891 1
5819 1
642 1
426670 1
301619 1
1222 1
641 1
1182 1
1102 1
2725 1
638 1
5688 1
13901 1
637 1
327391 1
2554 1
5374 1
4427 1
3522 1
4233 1
642 1
637 1
4305 1
2384 1
637 1
642 1
2553 1
2820 1
637 1
719 1
637 1
3405 1
14919 1
15281 1
14894 1
15273 1
15287 1
2407 1
4473 1
4483 1
2406 1
2792 1
2371 1
2423 1
637 1
641 1
1150 1
1247 1
1236 1
637 1
1177 1
638 1
637 1
642 1
641 1
638 1
641 1
638 1
1991 1
638 1
10753 1
642 1
1027 1
637 1
638 1
640 1
21707 1
638 1
889 1
640 1
908 1
894 1
784 1
642 1
1939 1
1215 1
1321 1
1197 1
823 1
639 1
2196 1
642 1
2159 1
2240 1
638 1
642 1
642 1
792 1
1437 1
2180 1
1396 1
637 1
1112 1
1112 1
641 1
637 1
641 1
1096 1
638 1
637 1
1213 1
1280 1
1087 1
638 1
641 1
881 1
934 1
892 1
8854 1
1058 1
3958 1
2359 1
823 1
1555 1
1114 1
638 1
750 1
18109 1
24770 1
1674 1
18189 1
642 1
8563 1
969 1
868 1
637 1
641 1
17598 1
636 1
638 1
8291649 1
268564 1
100419 1
14666 1
17170 1
780 1
3318 1
38055 1
39951 1
5126 1
638 1
35176 1
1443 1
637 1
5668 1
761 1
33062 1
642 1
38896 1
820 1
874 1
1575 1
1098 1
1738 1
642 1
642 1
1239 1
1871 1
5080 1
5084 1
638 1
19253 1
19377 1
801 1
895 1
1728 1
637 1
28739 1
1687 1
1142 1
638 1
39964 1
642 1
2125 1
638 1
1074 1
40402 1
642 1
638 1
971 1
22930 1
24056 1
953 1
26072 1
1352 1
826 1
44930 1
637 1
47509 1
12305 1
860 1
12320 1
1013 1
638 1
12325 1
642 1
12324 1
12311 1
644 1
1228 1
642 1
1370 1
642 1
889 1
12314 1
1077 1
20769 1
642 1
43258 1
35077 1
35074 1
1188 1
644 1
639 1
640 1
1008 1
774 1
1165 1
843 1
639 1
35051 1
1245 1
1245 1
1045 1
800 1
35049 1
5399 1
25026 1
694 1
1381 1
645 1
27241 1
2127 1
1181 1
799 1
1095 1
640 1
640 1
644 1
22674 1
644 1
966 1
26469 1
639 1
35090 1
24121 1
35093 1
1094 1
12393 1
12393 1
12394 1
640 1
642 1
640 1
26559 1
761 1
1005 1
640 1
25235 1
1176 1
644 1
644 1
1733 1
2302 1
892 1
30151 1
39680 1
643 1
639 1
