262144000S,0C
2996 1
4693 1
8336 1
5633 1
2322 1
2613 1
2858 1
2840 1
2835 1
6191 1
1960 1
2510 1
2145 1
2247 1
2822 1
2822 1
2822 1
2351 1
2336 1
2328 1
2444 1
2289 1
2311 1
2399 1
2211 1
2212 1
2281 1
1314 1
1285 1
1474 1
2621 1
1337 1
1362 1
1314 1
1226 1
1290 1
1277 1
1249 1
2256 1
1316 1
1470 1
1218 1
1422 1
1283 1
1267 1
1246 1
1499 1
1313 1
1284 1
1417 1
2377 1
1333 1
2237 1
2557 1
1257 1
1242 1
1492 1
1256 1
2372 1
2291 1
2254 1
2320 1
31492 1
2386 1
2265 1
2289 1
2240 1
1225 1
2575 1
1367 1
2282 1
2199 1
2324 1
12313 1
2307 1
2240 1
2316 1
2308 1
2323 1
12318 1
2352 1
2294 1
2231 1
2226 1
2386 1
2257 1
2262 1
2318 1
2352 1
2350 1
12317 1
2254 1
2542 1
2316 1
2373 1
2215 1
2344 1
1068 1
2312 1
2235 1
2410 1
2318 1
2810 1
2359 1
2231 1
2330 1
2290 1
1319 1
1198 1
1442 1
1316 1
1802 1
2300 1
2245 1
1478 1
1357 1
1369 1
1393 1
1339 1
1279 1
2203 1
1501 1
2168 1
1392 1
2011 1
1506 1
1967 1
2065 1
2102 1
1987 1
2143 1
2107 1
1899 1
2036 1
2349 1
1949 1
2076 1
2081 1
2183 1
1924 1
2243 1
1966 1
1982 1
2078 1
2088 1
2089 1
2271 1
1986 1
2072 1
1962 1
2010 1
2123 1
1886 1
2032 1
2098 1
1991 1
2062 1
1976 1
2071 1
1979 1
2175 1
1384 1
2133 1
2157 1
2100 1
2010 1
1959 1
1451 1
1982 1
2184 1
2030 1
1976 1
2002 1
1987 1
2063 1
2039 1
2072 1
2026 1
1919 1
1907 1
2151 1
2054 1
1943 1
2035 1
2164 1
2012 1
2071 1
2052 1
2101 1
2067 1
1952 1
2041 1
2089 1
2231 1
2119 1
2051 1
1993 1
2096 1
1954 1
2101 1
2014 1
2152 1
2081 1
2095 1
1992 1
2012 1
1895 1
2060 1
2032 1
2153 1
2055 1
1898 1
2114 1
1955 1
1948 1
2002 1
2006 1
1962 1
2046 1
2020 1
2031 1
2093 1
1999 1
1897 1
2113 1
2151 1
1865 1
2008 1
2063 1
2061 1
1400 1
2082 1
1366 1
1949 1
1322 1
1306 1
2142 1
2128 1
2122 1
1941 1
2097 1
2074 1
1997 1
1190 1
1408 1
1996 1
1315 1
1334 1
1313 1
1227 1
1308 1
2043 1
2030 1
2051 1
1866 1
2055 1
